19500 989
19500 8495
19500 9709
19500 12977
19500 21146
38250 528
38250 10872
38250 12977
38250 17748
38250 29084
42000 4709
42000 11052
42000 14360
42000 15311
42000 17118
47000 1031
47000 2683
47000 3032
47000 6571
47000 29385
65500 5086
65500 9709
65500 12899
65500 15934
65500 23622
69500 178
69500 3850
69500 10329
69500 28653
69500 28975
71250 2568
71250 2683
71250 5445
71250 5833
71250 7150
83250 619
83250 2610
83250 3847
83250 11196
83250 14294
145750 3228
145750 3458
145750 9620
145750 15924
145750 27625
154500 3190
154500 12576
154500 14153
154500 14242
154500 21995
190500 1803
190500 8816
190500 20979
190500 22950
190500 27791
200250 360
200250 845
200250 3176
200250 11196
200250 17550
232000 5150
232000 22489
232000 24334
236000 6672
236000 7045
236000 7868
236000 11679
236000 26605
239250 178
239250 3850
239250 4595
239250 18024
239250 20180
252500 3190
252500 10353
252500 12576
252500 14153
252500 14242
266500 2257
266500 8724
266500 9804
266500 9846
266500 12977
282500 7868
282500 14294
282500 19973
282500 20470
282500 25318
299750 5043
299750 5574
299750 18946
309750 2568
309750 2683
309750 5445
309750 5833
309750 7150
341000 2568
341000 2683
341000 5445
341000 5833
341000 7150
364250 215
364250 3228
364250 8637
364250 13891
364250 26605
371250 3093
371250 10893
371250 14930
371250 22393
371250 22889
380000 2568
380000 2683
380000 4172
380000 7868
380000 10840
393250 8689
393250 11080
393250 11939
393250 20626
393250 24841
405000 2568
405000 2683
405000 5445
405000 5833
405000 7150
415500 3627
415500 3913
415500 5598
415500 17237
415500 28975
417250 3176
417250 10872
417250 19166
417250 25917
417250 26894
418500 4411
418500 5469
418500 5987
418500 7127
418500 15887
425500 1533
425500 7356
425500 7822
425500 11679
425500 16939
434750 6167
434750 7997
434750 11196
434750 11280
434750 29099
439000 5150
439000 6167
439000 7997
439000 22489
452750 4683
452750 6096
452750 17581
452750 18730
452750 24334
472000 2367
472000 2513
472000 3047
472000 14694
472000 28744
528250 934
528250 1004
528250 5590
528250 8816
528250 18167
563500 6734
563500 14153
563500 14360
563500 15138
563500 19005
567250 20470
567250 22489
567250 26894
573000 2568
573000 2683
573000 5445
573000 5833
573000 7150
599750 3740
599750 4595
599750 7038
599750 8313
599750 23628
620500 178
620500 8943
620500 9881
620500 11280
620500 29099
621500 1335
621500 4571
621500 6951
621500 14294
621500 25318
650750 2568
650750 2683
650750 5445
650750 5833
650750 7150
691500 251
691500 14573
691500 17153
691500 26516
691500 29099
711500 2323
711500 8890
711500 13390
711500 23628
711500 27111
731750 3228
731750 3458
731750 7868
731750 9620
731750 27625
745750 4081
745750 6167
745750 11196
745750 24704
746000 2042
746000 3313
746000 14261
746000 26972
746000 27346
764000 2568
764000 2683
764000 5445
764000 5833
764000 7150
764750 14242
764750 14360
764750 16722
764750 16939
764750 27791
776750 6167
776750 7997
776750 11196
776750 21565
791500 251
791500 993
791500 7868
791500 11176
791500 23829
799000 5305
799000 5660
799000 6621
799000 11954
799000 12379
832250 5305
832250 6621
832250 11954
832250 12379
835000 2750
835000 11679
835000 26605
835000 27028
848500 2683
848500 4571
848500 5799
848500 7868
848500 11029
854250 4452
854250 11280
854250 11330
854250 29099
854250 29225
861250 2568
861250 2683
861250 5445
861250 5833
861250 7150
861750 143
861750 5305
861750 6621
861750 11954
861750 12379
887500 5043
887500 5574
887500 24869
887750 554
887750 646
887750 3658
887750 13103
887750 20803
892500 3190
892500 10353
892500 12576
892500 14821
892500 17512
965500 700
965500 1155
965500 5043
965500 22043
965500 26737
969750 2812
969750 10176
969750 21565
981000 778
981000 3627
981000 5185
981000 25570
981000 26298
984500 5305
984500 10872
984500 12379
984500 28641
1025250 2568
1025250 2683
1025250 5445
1025250 5833
1025250 7150
1046250 5305
1046250 11954
1046250 12379
1074500 8689
1074500 17748
1074500 18791
1074500 19702
1074500 22609
1074750 5014
1086750 3627
1086750 3854
1086750 5150
1086750 9899
1086750 22489
1104500 19973
1104500 25318
1104500 25329
1104500 25820
1104500 29099
1110750 2729
1110750 8637
1110750 10895
1110750 23295
1110750 24571
1114000 1481
1114000 2613
1114000 4731
1114000 4761
1114000 8628
1118250 4683
1118250 15200
1118250 15860
1118250 23656
1118250 25329
1140750 949
1140750 4750
1140750 5592
1140750 14603
1140750 24704
1165500 7248
1165500 24541
1165500 25670
1165500 26308
1165500 28418
1173500 1392
1173500 2033
1173500 5268
1173500 7004
1173500 11080
1181250 1037
1181250 3719
1181250 4571
1181250 12736
1181250 18227
1189000 10353
1189000 12977
1189000 13380
1189000 18805
1189000 29197
1194750 13888
1194750 16243
1194750 27028
1240250 2568
1240250 2683
1240250 5445
1240250 5833
1240250 7150
1244250 10970
1244250 11431
1244250 24514
1244250 27791
1244250 28463
1247000 9671
1247000 11080
1247000 22043
1247000 26546
1247000 26737
1324500 5150
1324500 9899
1324500 16067
1324500 20470
1324500 22489
1338750 2826
1338750 11196
1338750 15315
1338750 23549
1338750 29385
1365000 527
1365000 647
1365000 3699
1365000 5014
1365000 25641
1381000 2610
1381000 14294
1381000 16110
1381000 16331
1381000 20979
1441500 2568
1441500 2683
1441500 5445
1441500 5833
1441500 7150
1446250 7868
1446250 9671
1446250 22043
1446250 26546
1446250 26737
1459750 5799
1459750 12220
1459750 16939
1459750 18026
1459750 22583
1492500 3228
1492500 13891
1492500 27028
1517000 2568
1517000 2683
1517000 5445
1517000 5833
1517000 7150
1525000 3228
1525000 3458
1525000 7868
1525000 15924
1525000 27625
1528500 7096
1528500 8816
1528500 12220
1528500 13888
1528500 21146
1531250 1666
1531250 5185
1531250 16343
1531250 18024
1531250 24519
1561250 12977
1561250 16110
1561250 16331
1561250 20979
1561250 21146
1579250 7868
1579250 14580
1579250 17732
1579250 18791
1579250 21865
1617250 5305
1617250 12379
1620500 2568
1620500 2683
1620500 7611
1620500 7868
1620500 8148
1622500 2812
1622500 3151
1622500 5833
1622500 8313
1622500 10176
1629250 5086
1629250 9709
1629250 12899
1629250 15934
1629250 23622
1661750 4479
1661750 7048
1661750 9936
1661750 21337
1661750 28675
1688750 5799
1688750 18730
1688750 21672
1688750 25830
1688750 29203
1710500 2568
1710500 2683
1710500 5445
1710500 5833
1710500 7150
1724000 2683
1724000 4571
1724000 19973
1724000 21840
1724000 26516
1724250 6167
1724250 7997
1724250 10066
1724250 11196
1724250 11679
1727500 3151
1727500 5429
1727500 11080
1727500 21930
1727500 29203
1758250 5305
1758250 5660
1758250 6621
1758250 11954
1758250 12379
1767500 3847
1767500 4220
1767500 4595
1767500 11196
1767500 15434
1782250 2750
1782250 5429
1782250 16550
1782250 18489
1782250 20701
1792000 2568
1792000 2683
1792000 5445
1792000 5833
1792000 7150
1793250 1507
1793250 4571
1793250 5627
1793250 12068
1793250 27117
1806750 1390
1806750 10678
1806750 11954
1806750 18196
1806750 27791
1812000 3458
1812000 5150
1812000 9620
1812000 22489
1815750 14240
1815750 14319
1815750 14821
1815750 21094
1815750 22749
1838000 2568
1838000 2683
1838000 5445
1838000 5833
1838000 7150
1838750 4440
1838750 12977
1838750 13380
1838750 17060
1838750 17242
1909250 5469
1909250 5987
1909250 15887
1909250 18002
1909250 18185
1911500 12220
1911500 14265
1911500 15138
1911500 17590
1911500 21672
1953250 12285
1953250 25329
1953250 28270
1966250 6167
1966250 7997
1966250 10066
1966250 11196
1966250 11679
1969000 7127
1969000 10014
1969000 12729
1969000 14209
1969000 26523
1971500 12379
1971500 14294
2033500 3658
2033500 14261
2033500 25570
2050000 10325
2050000 13265
2050000 21336
2050000 23928
2050000 28985
2076000 178
2076000 4819
2076000 12161
2076000 18024
2076000 27950
2078000 143
2078000 5305
2078000 6621
2078000 11954
2078000 12379
2088000 43
2088000 953
2088000 4220
2088000 19217
2088000 19277
2103250 4300
2103250 5185
2103250 6571
2103250 14580
2103250 26298
2132250 2568
2132250 2683
2132250 5445
2132250 5833
2132250 7150
2168250 2836
2168250 8278
2168250 14261
2168250 19973
2168250 26699
2182750 554
2182750 3627
2182750 4059
2182750 27117
2182750 28391
2187500 530
2187500 2323
2187500 2826
2187500 3740
2187500 12220
2198750 4595
2198750 9563
2198750 18489
2198750 20701
2198750 21930
2200750 8313
2232500 16110
2232500 16331
2232500 20979
2232500 21840
2232500 29099
2251750 1950
2251750 2826
2251750 2999
2251750 15315
2251750 16939
2253250 454
2253250 554
2253250 617
2253250 3913
2253250 19416
2316250 9671
2316250 11954
2316250 13086
2316250 18712
2316250 27791
2322750 6447
2322750 7680
2322750 21865
2322750 23241
2322750 26619
2331750 2891
2331750 4571
2331750 11080
2350750 9030
2350750 9829
2350750 12491
2350750 13672
2350750 21657
2364500 7105
2364500 7868
2364500 12754
2364500 18791
2364500 24334
2378500 6167
2378500 7186
2378500 7997
2378500 11196
2378500 25260
2386250 2568
2386250 2683
2386250 5445
2386250 5833
2386250 7150
2428500 2568
2428500 2683
2428500 5445
2428500 5833
2428500 7150
2448250 9912
2448250 10308
2448250 14603
2448250 14930
2448250 24704
2480750 14261
2480750 16331
2480750 18465
2480750 22950
2480750 27791
2492500 3219
2492500 6734
2492500 14153
2492500 14360
2492500 15032
2626250 2568
2626250 2683
2626250 7070
2626250 12758
2626250 18075
2688750 1539
2688750 2568
2688750 2683
2688750 7868
2688750 11196
2704750 1788
2704750 2610
2704750 8313
2704750 20918
2704750 28270
2733500 2568
2733500 2683
2733500 5445
2733500 5833
2733500 7150
2752000 7613
2752000 12435
2752000 14261
2752000 26972
2752000 27346
2771250 6548
2771250 8704
2771250 16903
2771250 21565
2771250 28641
2788750 530
2788750 3740
2788750 11080
2788750 12977
2788750 21146
2797750 3135
2797750 5764
2797750 15019
2797750 16483
2797750 20803
2807500 5429
2807500 14821
2807500 16550
2807500 17512
2807500 18489
2808500 3438
2808500 4302
2808500 7230
2808500 16331
2808500 22204
2823250 4220
2823250 7409
2823250 8724
2823250 14294
2823250 15434
2870250 989
2870250 2812
2870250 10176
2870250 12977
2870250 21146
2874500 5150
2874500 9899
2874500 20470
2874500 22489
2882750 4571
2882750 7542
2882750 9881
2882750 18180
2882750 26614
2891500 3627
2891500 5014
2891500 13737
2891500 16463
2891500 25570
2920750 4147
2920750 7356
2920750 7822
2920750 8313
2920750 16939
2921750 12379
2921750 13784
2940000 5014
2940000 13737
2940000 14294
2940000 19671
2940000 29203
2968250 27028
2975500 3151
2975500 5367
2975500 6724
2975500 14360
2975500 16939
2988000 2513
2988000 2963
2988000 14694
2988000 16361
2988000 28744
3001000 5574
3001000 18946
3009000 4059
3009000 21067
3009000 23928
3009000 24869
3009000 28184
3010000 2568
3010000 2683
3010000 5445
3010000 5833
3010000 7150
3014750 2568
3014750 7868
3014750 14227
3014750 16177
3014750 17393
3031750 2683
3031750 2963
3031750 4571
3031750 19973
3031750 21840
3035250 5043
3035250 5574
3035250 18946
3035250 24869
3054250 2826
3054250 8313
3054250 12220
3148500 3032
3148500 3658
3148500 14261
3148500 20803
3148500 26972
3149000 255
3149000 2257
3149000 9487
3149000 10282
3149000 25005
3168000 2568
3168000 2683
3168000 5445
3168000 5833
3168000 7150
3188000 8689
3188000 17748
3188000 18791
3188000 19702
3188000 22609
3211250 489
3211250 6656
3211250 14261
3211250 15860
3211250 22280
3216500 5043
3216500 7096
3216500 12977
3216500 18712
3216500 25381
3226500 5305
3226500 10678
3226500 12379
3226500 18196
3249250 2963
3249250 19539
3249250 27791
3249250 28744
3249250 28985
3266750 6167
3266750 7997
3266750 11196
3266750 11679
3266750 21092
3282250 2683
3282250 4571
3282250 19973
3282250 21840
3282250 26516
3288250 2971
3288250 11790
3288250 13795
3288250 18805
3288250 27961
3293750 16463
3293750 16672
3293750 18741
3293750 20206
3293750 27056
3304500 1481
3304500 2323
3304500 14265
3304500 14666
3304500 14821
3310750 778
3310750 3627
3310750 11196
3310750 12394
3310750 25570
3312500 2568
3312500 2683
3312500 5445
3312500 5833
3312500 7150
3317500 530
3317500 3151
3317500 7613
3317500 10840
3317500 12435
3326250 3775
3326250 4571
3326250 9671
3326250 9881
3326250 20679
3344750 11330
3344750 18180
3344750 19540
3344750 21739
3344750 29442
3350250 2568
3350250 2683
3350250 5445
3350250 5833
3350250 7150
3363000 2568
3363000 2683
3363000 5445
3363000 5833
3363000 7150
3396250 3219
3396250 6734
3396250 14153
3396250 14360
3396250 19005
3404000 251
3404000 993
3404000 5305
3404000 12379
3404000 24831
3405000 2568
3405000 2683
3405000 5445
3405000 5833
3405000 7150
3520000 2568
3520000 2683
3520000 4571
3520000 5845
3520000 12143
3524750 2568
3524750 2683
3524750 5445
3524750 5833
3524750 7150
3573750 3228
3573750 3458
3573750 3627
3573750 7186
3573750 25570
3581250 9671
3581250 9709
3581250 18712
3581250 23622
3581250 24196
3588500 27028
3590000 2568
3590000 2683
3590000 5445
3590000 5833
3590000 7150
3592750 2513
3592750 2568
3592750 2963
3592750 12606
3592750 28744
3625250 7542
3625250 11330
3625250 17407
3625250 19540
3625250 28378
3644250 4300
3644250 14902
3644250 16939
3644250 18002
3644250 29231
3675000 5429
3675000 7812
3675000 14153
3675000 21930
3675000 28669
3684750 805
3684750 2257
3684750 8628
3684750 10680
3684750 18075
3719250 2568
3719250 2683
3719250 5445
3719250 5833
3719250 7150
3723750 1666
3723750 7150
3723750 16343
3723750 19673
3734250 2568
3734250 2683
3734250 5445
3734250 5833
3734250 7150
3742000 2198
3742000 2739
3742000 6305
3742000 27638
3742000 29099
3751500 2568
3751500 2683
3751500 9030
3751500 17855
3751500 23779
3781500 2568
3781500 2683
3781500 5445
3781500 5833
3781500 7150
3787750 1788
3787750 3658
3787750 8313
3787750 20918
3787750 25329
3795000 3627
3795000 5856
3795000 9620
3795000 12052
3795000 19166
3799500 2568
3799500 2683
3799500 5445
3799500 5833
3799500 7150
3846250 6571
3846250 16939
3846250 18024
3846250 27791
3846250 29203
3861500 3627
3861500 3854
3861500 5150
3861500 11204
3861500 22489
3895750 2568
3895750 4411
3895750 5987
3895750 15887
3895750 18002
3913250 5799
3913250 19671
3913250 25830
3913250 28438
3913250 29203
3952000 4147
3952000 6911
3952000 7048
3952000 15315
3952000 24193
3954500 489
3954500 1771
3954500 18805
3954500 22280
3954500 28662
3963750 993
3963750 2033
3963750 3627
3963750 11939
3963750 14580
3977750 9193
3977750 12977
3977750 13380
3977750 24178
3977750 27637
3981750 6167
3981750 7997
3981750 11196
4004500 4479
4004500 7048
4004500 21337
4004500 23549
4004500 28675
4025000 2568
4025000 2683
4025000 5445
4025000 5833
4025000 7150
4035250 1079
4035250 4667
4035250 15390
4035250 19660
4035250 29465
4047000 2452
4047000 3313
4047000 3536
4047000 9671
4047000 26546
4054000 2257
4054000 8724
4054000 9486
4054000 9846
4054000 12977
4059500 8628
4059500 10680
4059500 16754
4059500 18075
4063000 8643
4063000 17153
4063000 21345
4063000 23779
4063000 25669
4073250 3406
4073250 4078
4073250 5598
4073250 5856
4073250 14020
4102750 2568
4102750 2683
4102750 5445
4102750 5833
4102750 7150
4115500 12754
4115500 18180
4115500 21146
4115500 21865
4115500 23241
4118250 1880
4118250 4078
4118250 12394
4118250 26298
4118250 28967
4133750 2739
4133750 7150
4133750 11357
4133750 19673
4133750 29099
4153000 11080
4153000 16463
4153000 27056
4184250 3228
4184250 9620
4184250 15924
4184250 28438
4186500 1218
4186500 6331
4186500 11196
4186500 22280
4186500 22365
4189500 5876
4189500 6988
4189500 10404
4189500 15315
4189500 18075
4193750 9030
4193750 9829
4193750 12491
4193750 13672
4193750 17855
4195500 4479
4195500 7048
4195500 8313
4195500 13086
4195500 21337
4215750 749
4215750 3228
4215750 7061
4215750 18465
4215750 19974
4256000 5305
4256000 12379
4256000 14242
4256000 18805
4256500 2568
4256500 2683
4256500 5445
4256500 5833
4256500 7150
4257000 3228
4257000 3458
4257000 7868
4257000 9620
4257000 15924
4259500 530
4259500 949
4259500 3740
4259500 4479
4259500 25570
4304250 679
4304250 700
4304250 4571
4304250 5043
4304250 10480
4317250 7868
4317250 8625
4317250 10840
4317250 22094
4317250 27791
4336750 2568
4336750 2683
4336750 5445
4336750 5833
4336750 7150
4370750 5185
4370750 6546
4370750 10247
4370750 18024
4370750 22179
4376250 2683
4376250 4039
4376250 5660
4376250 27791
4376250 28438
4378500 2568
4378500 2683
4378500 5445
4378500 5833
4378500 7150
4392000 1788
4392000 3658
4392000 8313
4392000 20918
4392000 25329
4399750 2568
4399750 2683
4399750 5445
4399750 5833
4399750 7150
4423500 1366
4423500 2374
4423500 3135
4423500 4479
4423500 19837
4454500 1507
4454500 1539
4454500 2033
4454500 5627
4454500 7059
4475750 18465
4475750 21838
4475750 26800
4475750 28438
4503500 1366
4503500 4147
4503500 6911
4503500 9111
4503500 29490
4533750 624
4533750 1691
4533750 19951
4533750 27670
4533750 28183
4557250 2568
4557250 2683
4557250 5445
4557250 5833
4557250 7150
4620000 398
4620000 2476
4620000 2945
4620000 28535
4620000 28641
4625750 3740
4625750 4172
4625750 7868
4625750 22094
4625750 23628
4631250 646
4631250 3804
4631250 5094
4631250 6880
4631250 9472
4658500 26894
4658500 27056
4712250 2568
4712250 2683
4712250 5445
4712250 5833
4712250 7150
4716750 4039
4716750 14294
4716750 19973
4716750 19993
4716750 29099
4770500 11080
4770500 16463
4770500 27056
4782250 155
4782250 3627
4782250 4571
4782250 27659
4782250 29203
4804500 805
4804500 2568
4804500 2683
4804500 5445
4804500 16463
4809000 14261
4809000 17060
4809000 17087
4809000 25329
4809000 25596
4809750 2729
4809750 4571
4809750 9936
4809750 10840
4809750 11080
4814750 2568
4814750 2683
4814750 5445
4814750 5833
4814750 7150
4844000 646
4844000 3804
4844000 5086
4844000 5094
4844000 13103
4850000 8628
4850000 16463
4850000 23342
4850000 24869
4850000 25960
4852000 530
4852000 9657
4852000 10097
4852000 12285
4852000 18072
4852500 8489
4852500 10928
4852500 16913
4852500 25366
4852500 28410
4853750 2568
4853750 2683
4853750 5445
4853750 5833
4853750 7150
4880250 2568
4880250 2683
4880250 5445
4880250 5833
4880250 7150
4886500 3190
4886500 10353
4886500 12576
4886500 14153
4886500 20152
4895250 2033
4895250 21657
4902250 6158
4902250 11052
4902250 11578
4902250 17118
4902250 26722
4907500 2452
4907500 12899
4907500 15934
4907500 21983
4907500 27396
4921000 6571
4921000 7613
4921000 14573
4921000 17153
4921000 19416
4922750 178
4922750 4595
4922750 5429
4922750 6597
4922750 16550
4956000 4479
4956000 6571
4956000 7048
4956000 18281
4956000 19686
4963500 7620
4963500 10893
4963500 14930
4963500 22393
4963500 22889
4967250 3854
4967250 5150
4967250 9899
4967250 11204
4967250 22489
4994000 1461
4994000 4039
4994000 10133
4994000 17060
4994000 17087
5011500 3458
5011500 9620
5011500 15924
5011500 27625
5012750 1731
5012750 3438
5012750 7061
5012750 8689
5012750 10082
5024500 5081
5024500 7096
5024500 8816
5024500 17590
5024500 18730
5034000 16169
5034000 22749
5034000 23284
5034000 27390
5034000 29213
5037000 1031
5037000 2033
5037000 3458
5037000 9620
5037000 11280
5052000 3627
5052000 3854
5052000 9899
5052000 11204
5052000 22489
5059000 414
5059000 12583
5059000 18024
5059000 23861
5059000 23928
5078750 11196
5078750 17237
5108000 2826
5108000 11280
5108000 12220
5108000 29099
5110750 989
5110750 8028
5110750 8495
5110750 12977
5110750 14261
5139250 5043
5139250 24869
5143250 2513
5143250 6571
5143250 7812
5143250 18227
5143250 21930
5155750 2826
5155750 5429
5155750 16550
5155750 18489
5155750 20701
5170500 1335
5170500 2683
5170500 2812
5170500 6951
5170500 10176
5187750 2568
5187750 2613
5187750 4761
5187750 5081
5187750 25960
5199750 2729
5199750 4571
5199750 10840
5199750 11080
5199750 11519
5220750 4949
5220750 9567
5220750 13039
5220750 22621
5220750 26959
5226250 7105
5226250 7868
5226250 18791
5226250 24334
5226250 28438
5226500 5150
5226500 9899
5226500 20470
5226500 22489
5226500 24831
5238000 11196
5238000 14294
5238000 16939
5238000 19973
5238000 25318
5239500 3219
5239500 6734
5239500 15032
5239500 15138
5239500 19005
5254500 2042
5254500 3032
5254500 14917
5254500 18712
5254500 26737
5256500 4163
5256500 8943
5256500 9389
5256500 9479
5256500 10866
5261000 679
5261000 3252
5261000 4389
5261000 4571
5261000 18024
5264500 5305
5264500 5660
5264500 6621
5264500 11954
5264500 12379
5279750 6167
5279750 7997
5279750 10066
5279750 11196
5279750 11679
5292000 14573
5292000 21657
5293250 9936
5293250 11080
5293250 11280
5293250 14902
5293250 29099
5320000 7186
5320000 7997
5320000 10066
5320000 11196
5320000 11679
5336750 9936
5336750 11080
5336750 15200
5354000 619
5354000 5429
5354000 16550
5354000 18489
5354000 20701
5407750 1917
5407750 2683
5407750 18024
5407750 24886
5407750 27950
5440500 5574
5440500 18946
5440500 24869
5440750 2367
5440750 3068
5440750 18024
5440750 18489
5440750 21565
5467250 2568
5467250 2683
5467250 5445
5467250 5833
5467250 7150
5491500 5094
5491500 8630
5491500 13888
5491500 15934
5491500 18489
5522250 6571
5522250 9111
5522250 19837
5522250 21337
5522250 28675
5642000 5043
5642000 5574
5642000 24869
5654000 3219
5654000 5458
5654000 6734
5654000 15032
5654000 19005
5655250 6167
5655250 7997
5655250 10066
5655250 11196
5655250 11679
5693000 4571
5693000 21838
5693000 23928
5693000 24172
5693000 25917
5697750 12379
5726500 2568
5726500 2683
5726500 5445
5726500 5833
5726500 7150
5742000 949
5742000 4510
5742000 6980
5742000 8630
5742000 15390
5751500 7096
5751500 8816
5751500 11080
5751500 21067
5751500 21146
5754500 13784
5754500 13795
5754500 19394
5754500 27791
5754500 27961
5769750 6548
5769750 12977
5769750 13380
5769750 17060
5769750 17242
5780000 12729
5780000 14209
5780000 16331
5780000 23656
5812000 14294
5812000 19973
5812000 25318
5812000 25820
5812000 29099
5846250 4578
5846250 8637
5846250 17331
5846250 18758
5846250 18805
5865750 437
5865750 617
5865750 14446
5865750 19416
5865750 22633
5898500 4953
5898500 5336
5898500 7105
5898500 8698
5898500 9906
5899750 5799
5899750 10872
5899750 19671
5899750 25830
5899750 29203
5906250 5305
5906250 5324
5906250 7105
5906250 11201
5906250 12379
5910250 2568
5910250 2683
5910250 5445
5910250 5833
5910250 7150
5915250 476
5915250 2963
5915250 3047
5915250 14020
5915250 16396
5952250 13998
5952250 14240
5952250 14319
5952250 14821
5952250 21094
5957500 2568
5957500 2683
5957500 5445
5957500 5833
5957500 7150
5959000 5305
5959000 5660
5959000 12379
5959000 12790
5962750 14294
5962750 24869
5962750 26894
5968250 2683
5968250 2739
5968250 4571
5968250 6431
5968250 19973
5999000 528
5999000 1481
5999000 15138
5999000 17590
5999000 18730
6003750 554
6003750 3228
6003750 8637
6003750 13891
6003750 26605
6061250 2826
6061250 10680
6061250 18075
6067750 530
6067750 2251
6067750 3393
6067750 23480
6067750 27487
6099250 2568
6099250 2683
6099250 5445
6099250 5833
6099250 7150
6150750 2291
6150750 4411
6150750 10014
6150750 12729
6150750 14209
6155250 2812
6155250 2826
6155250 10176
6155250 12220
6155250 27117
6172000 3228
6172000 4578
6172000 7230
6172000 12541
6172000 14603
6205000 2568
6205000 2683
6205000 5445
6205000 5833
6205000 7150
6233750 7096
6233750 11196
6233750 12977
6233750 17407
6233750 21899
6234000 7409
6234000 8943
6234000 9881
6234000 11280
6234000 29099
6247250 2568
6247250 2683
6247250 5445
6247250 5833
6247250 7150
6257000 1392
6257000 3151
6257000 6158
6257000 21628
6257000 28017
6264750 2568
6264750 2683
6264750 5445
6264750 5833
6264750 7150
6266000 2568
6266000 2683
6266000 5445
6266000 5833
6266000 7150
6301250 19416
6301250 27028
6334000 2568
6334000 2683
6334000 5445
6334000 5833
6334000 7150
6358500 2568
6358500 2683
6358500 5445
6358500 5833
6358500 7150
6380000 614
6380000 4163
6380000 8943
6380000 9389
6380000 9479
6400000 3658
6400000 20803
6400000 22043
6412750 527
6412750 647
6412750 12747
6412750 13737
6412750 21865
6433000 1461
6433000 2568
6433000 2683
6433000 17060
6433000 25596
6458000 2568
6458000 2683
6458000 5445
6458000 5833
6458000 7150
6458500 6672
6458500 7045
6458500 11679
6458500 26605
6458500 27028
6497000 2568
6497000 2683
6497000 5445
6497000 5833
6497000 7150
6515500 377
6515500 679
6515500 24669
6515500 25272
6515500 26341
6564500 519
6564500 2891
6564500 10872
6564500 11939
6564500 12220
6571000 215
6571000 2367
6571000 11196
6571000 11679
6571000 24015
6571750 1461
6571750 2568
6571750 2683
6571750 24178
6571750 27637
6572500 2568
6572500 2683
6572500 5445
6572500 5833
6572500 7150
6619500 251
6619500 993
6619500 7868
6619500 13103
6619500 24831
6654750 989
6654750 3032
6654750 6431
6654750 16331
6654750 20979
6683750 1080
6683750 6158
6683750 6571
6683750 11882
6683750 12220
6694750 2812
6694750 5185
6694750 8816
6694750 10176
6694750 12394
6700250 2568
6700250 2683
6700250 5445
6700250 5833
6700250 7150
6713250 11196
6713250 16110
6713250 16331
6713250 20979
6713250 28410
6751750 970
6751750 2963
6751750 20045
6751750 20701
6751750 23206
6754250 7061
6754250 17640
6754250 18805
6754250 20146
6754250 26608
6766250 5305
6766250 5660
6766250 12379
6766250 14153
6766250 14242
6780500 2683
6780500 8943
6780500 9881
6780500 11280
6780500 19973
6807250 5305
6807250 12379
6848000 7096
6848000 13380
6848000 16818
6848000 21146
6848000 27791
6848750 519
6848750 4949
6848750 11080
6848750 20626
6848750 28438
6849750 15860
6852750 3219
6852750 6734
6852750 8313
6852750 15032
6852750 19005
6874250 14294
6874250 24541
6874250 27028
6897000 2568
6897000 2683
6897000 5445
6897000 5833
6897000 7150
6904000 7747
6904000 9671
6904000 13084
6904000 14490
6904000 18712
6921750 476
6921750 2963
6921750 3047
6921750 14020
6921750 16396
6957500 3228
6957500 4479
6957500 14360
6957500 16939
6957500 19837
6996000 2198
6996000 5336
6996000 6980
6996000 7868
6996000 10404
6998500 617
6998500 4834
6998500 14446
6998500 17770
6998500 22633
7002750 2613
7002750 4761
7002750 14265
7002750 14666
7002750 25960
7016500 2568
7016500 4147
7016500 6911
7016500 9111
7016500 29490
7034000 178
7034000 2683
7034000 19466
7034000 23628
7034000 28378
7103000 5043
7103000 18946
7103000 24869
7116750 949
7116750 1461
7116750 9193
7116750 14603
7116750 24704
7143250 12220
7143250 29442
7149500 2568
7149500 2683
7149500 5445
7149500 5833
7149500 7150
7163250 7105
7163250 7868
7163250 21865
7163250 28438
7184500 12379
7184500 19005
7184500 22489
7211250 155
7211250 11888
7211250 15686
7211250 18730
7211250 21975
7218000 1335
7218000 12977
7218000 19973
7218000 21146
7269250 12379
7269250 27028
7269750 2568
7269750 2683
7269750 5445
7269750 5833
7269750 7150
7306250 2568
7306250 2683
7306250 5445
7306250 5833
7306250 7150
7320250 2568
7320250 2683
7320250 5445
7320250 5833
7320250 7150
7323750 3228
7323750 7868
7323750 9620
7323750 15924
7323750 27625
7345250 2568
7345250 12143
7345250 14415
7345250 14788
7345250 18024
7361250 4078
7361250 5185
7361250 18024
7361250 18805
7361250 24519
7367000 10872
7367000 12220
7367000 14265
7367000 21672
7367000 23656
7375000 143
7375000 2421
7375000 5324
7375000 7105
7375000 27791
7405250 2568
7405250 2683
7405250 5445
7405250 5833
7405250 7150
7435500 4595
7435500 5429
7435500 16550
7435500 18489
7435500 20701
7445000 2257
7445000 8628
7445000 10680
7445000 16754
7445000 27056
7450000 5305
7450000 27028
7476250 1031
7476250 4834
7476250 8943
7476250 11280
7476250 29099
7513250 2568
7513250 2683
7513250 5445
7513250 5833
7513250 7150
7545250 6167
7545250 7997
7545250 8637
7545250 11196
7545250 26605
7568750 4578
7568750 8637
7568750 17331
7568750 18200
7568750 18758
7588000 437
7588000 527
7588000 554
7588000 1031
7588000 3913
7600250 778
7600250 3458
7600250 3627
7600250 12394
7600250 12737
7657250 6167
7657250 7186
7657250 10066
7657250 11196
7657250 11679
7687500 7356
7687500 8313
7687500 10872
7687500 12220
7687500 21672
7699500 3228
7699500 8637
7699500 10872
7699500 13891
7699500 19416
7703750 5185
7703750 11176
7703750 11196
7703750 12737
7703750 26298
7715000 2971
7715000 4750
7715000 5592
7715000 25651
7715000 29095
7787500 2568
7787500 2683
7787500 5445
7787500 5833
7787500 7150
7797000 3458
7797000 9620
7797000 27625
7810250 6672
7810250 7045
7810250 11679
7810250 26605
7810250 27028
7830250 3135
7830250 3913
7830250 15019
7830250 28694
7830250 28975
7854500 679
7854500 24780
7854500 24869
7886000 646
7886000 3228
7886000 3804
7886000 13103
7886000 14956
7892000 530
7892000 3151
7892000 10840
7892000 15672
7892000 27791
7898750 11080
7898750 12068
7898750 24172
7898750 25917
7898750 26800
7918750 2568
7918750 2683
7918750 5445
7918750 5833
7918750 7150
7921500 3627
7921500 26883
7921500 27615
7921500 28059
7921500 28621
7927750 749
7927750 7613
7927750 12435
7927750 14261
7927750 26972
7976750 6104
7976750 6167
7976750 7997
7976750 10066
7976750 11196
8017000 489
8017000 1037
8017000 4003
8017000 15584
8017000 28662
8033500 3219
8033500 6734
8033500 15032
8033500 19005
8033500 21092
8040000 949
8040000 6951
8040000 11080
8040000 14603
8040000 19973
8049000 7208
8049000 7465
8049000 13998
8049000 17512
8049000 18741
8051750 647
8051750 7260
8051750 15631
8051750 17972
8051750 28855
8072250 3228
8072250 3458
8072250 8816
8072250 9620
8072250 12674
8096750 530
8096750 1392
8096750 3740
8096750 12220
8096750 18730
8100250 3627
8100250 3854
8100250 5150
8100250 9899
8100250 11204
8102000 7620
8102000 10893
8102000 14930
8102000 22393
8102000 22889
8111500 437
8111500 1031
8111500 9220
8111500 11080
8111500 28975
8129250 22489
8129250 27028
8149250 9620
8156500 360
8156500 1155
8156500 11196
8156500 14902
8156500 27328
8163500 2568
8163500 2683
8163500 5445
8163500 5833
8163500 8689
8195000 1666
8195000 5429
8195000 16343
8195000 16550
8195000 24541
8215250 3406
8215250 4078
8215250 5529
8215250 7150
8215250 19673
8216500 2610
8216500 5305
8216500 12379
8216500 14294
8230750 519
8230750 2891
8230750 8689
8230750 13039
8230750 14482
8243500 3458
8243500 9620
8243500 27056
8271000 2568
8271000 2683
8271000 4571
8271000 5445
8271000 5833
8280500 2568
8280500 2683
8280500 5445
8280500 5833
8280500 7150
8314250 1031
8314250 1037
8314250 4571
8314250 23284
8314250 24907
8324500 2812
8324500 10176
8324500 14821
8324500 16672
8324500 17512
8327250 2042
8327250 3032
8327250 3313
8327250 12243
8327250 19772
8346250 3219
8346250 14153
8346250 14360
8346250 15032
8346250 19005
8353250 2437
8353250 14261
8353250 17531
8353250 20979
8353250 29265
8385000 8628
8385000 16754
8430000 1155
8430000 2568
8430000 2683
8430000 10999
8430000 14902
8435250 7868
8523250 17959
8523250 18183
8523250 21336
8523250 23826
8523250 26716
8528750 5305
8528750 5660
8528750 6621
8528750 11954
8528750 12379
8529750 3219
8529750 6734
8529750 15032
8529750 19005
8529750 25830
8555500 3406
8555500 4078
8555500 6548
8555500 17407
8555500 28378
8573000 4709
8573000 14360
8573000 23628
8573000 27394
8573000 29203
8617500 679
8617500 1107
8617500 8943
8617500 9881
8617500 29099
8628250 569
8628250 3185
8628250 3228
8628250 17060
8628250 28899
8633500 5445
8633500 7522
8633500 12285
8633500 14020
8633500 19179
8649250 6734
8649250 19005
8649250 29203
8702500 3228
8702500 3458
8702500 9620
8702500 15924
8702500 27625
8730250 7997
8730250 11196
8730250 13891
8745250 2568
8745250 2683
8745250 5445
8745250 5833
8745250 7150
8757750 178
8757750 5429
8757750 16550
8757750 18489
8757750 20701
8799750 11280
8799750 16110
8799750 29099
8822250 3228
8822250 4081
8822250 7230
8822250 7827
8822250 19339
8845250 2812
8845250 3719
8845250 8692
8845250 10176
8845250 11524
8909750 3135
8909750 3658
8909750 15019
8909750 15934
8909750 17237
8910750 3406
8910750 4078
8910750 6431
8910750 14261
8910750 26516
8940500 5043
8940500 26894
9035750 2683
9035750 4571
9035750 8943
9035750 9111
9035750 19837
9039750 3458
9039750 6167
9039750 9620
9039750 15924
9039750 27625
9055750 143
9055750 2421
9055750 5324
9055750 7105
9055750 27791
9069000 360
9069000 845
9069000 3740
9069000 11196
9069000 21628
9076750 143
9076750 3954
9076750 8307
9076750 8725
9076750 11790
9079500 8643
9079500 9549
9079500 19974
9079500 21345
9079500 23779
9103250 2568
9103250 2683
9103250 5445
9103250 5833
9103250 7150
9121750 5150
9121750 11280
9121750 14294
9121750 22489
9123500 2812
9123500 3228
9123500 20152
9123500 21092
9123500 23656
9163000 5043
9163000 5574
9163000 24869
9173750 949
9173750 14261
9173750 21337
9173750 28675
9179500 3228
9179500 3458
9179500 9620
9179500 15924
9179500 27625
9199500 1831
9199500 3228
9199500 7230
9199500 7827
9199500 19339
9212500 2568
9212500 2683
9212500 5445
9212500 19673
9212500 25372
9244000 3854
9244000 5150
9244000 9899
9244000 11204
9244000 22489
9288000 4750
9288000 11790
9288000 13795
9288000 25651
9288000 27961
9344000 2568
9344000 2683
9344000 5445
9344000 5833
9344000 7150
9351750 5043
9351750 5574
9351750 24869
9352750 12606
9352750 15828
9352750 16361
9352750 17133
9352750 22482
9394250 6167
9394250 7997
9394250 8630
9394250 10066
9394250 11196
9394500 251
9394500 3228
9394500 5094
9394500 9671
9394500 18712
9436000 2826
9436000 15315
9436000 16939
9436000 23549
9436000 29385
9437500 3719
9437500 6331
9437500 11196
9437500 15096
9437500 15860
9512750 21657
9513250 5429
9513250 16550
9513250 16668
9513250 17401
9513250 18489
9586500 1533
9586500 9195
9586500 11679
9586500 12285
9586500 12583
9592500 2568
9592500 2683
9592500 5445
9592500 5833
9592500 7150
9628250 9030
9628250 9829
9628250 12491
9628250 13672
9628250 21657
9651250 2568
9651250 2683
9651250 5445
9651250 5833
9651250 7150
9685000 43
9685000 2198
9685000 10353
9685000 12063
9685000 25009
9694750 2568
9694750 2683
9694750 5445
9694750 5833
9694750 7150
9706000 4324
9706000 7061
9706000 7080
9706000 10176
9706000 26789
9716500 7737
9716500 12285
9716500 18905
9716500 27407
9716500 28662
9720000 684
9720000 2042
9720000 2421
9720000 28177
9720000 28463
9782000 530
9782000 1155
9782000 9709
9782000 10840
9782000 10999
9782500 9620
9782500 12052
9782500 12352
9782500 19166
9782500 26288
9794000 2568
9794000 2683
9794000 5445
9794000 5833
9794000 7150
9802000 2568
9802000 2683
9802000 5445
9802000 5833
9802000 7150
9807250 3854
9807250 5150
9807250 9899
9807250 11204
9807250 22489
9811750 2568
9811750 2683
9811750 5445
9811750 5833
9811750 7150
9839750 5598
9839750 10948
9839750 12688
9839750 24929
9839750 27514
9842500 10353
9842500 14153
9842500 14242
9842500 27791
9842500 28621
9906500 1880
9906500 11176
9906500 12737
9906500 27160
9906500 28967
9946250 21899
9946250 24334
9972250 1731
9972250 3438
9972250 7061
9972250 8689
9972250 10082
9979000 993
9979000 3627
9979000 7868
9979000 16463
9979000 18905
9982500 11080
9982500 13285
9982500 21593
9982500 23779
9982500 28135
10000250 8643
10000250 14573
10000250 21345
10000250 23779
10000250 25669
10047250 2568
10047250 2683
10047250 5445
10047250 5833
10047250 7150
10052000 5081
10052000 7620
10052000 10452
10052000 15307
10052000 16463
10054250 3185
10054250 3423
10054250 8630
10054250 9340
10054250 27539
10063000 3093
10063000 7620
10063000 7680
10063000 9912
10063000 10308
10064500 18730
10064500 19671
10064500 21672
10064500 28059
10064500 29203
10069500 8943
10069500 9881
10069500 11280
10069500 26894
10069500 29099
10095000 1335
10095000 2683
10095000 6951
10095000 15200
10095000 16110
10212500 2568
10212500 2683
10212500 5445
10212500 5833
10212500 7150
10224750 4731
10224750 5081
10224750 8628
10224750 13020
10224750 16463
10229250 11080
10229250 13285
10229250 20800
10229250 23779
10229250 28135
10234000 554
10234000 2812
10234000 3627
10234000 3913
10234000 11176
10261750 2971
10261750 3658
10261750 16110
10261750 20979
10264750 2826
10264750 6158
10264750 12220
10264750 23628
10264750 27394
10297000 7070
10297000 12758
10297000 16463
10297000 16672
10297000 18741
10302500 9936
10309250 1155
10309250 5094
10309250 6880
10309250 11080
10309250 14902
10312750 5429
10312750 7812
10312750 11176
10312750 21930
10312750 24831
10322250 4078
10322250 12394
10322250 18024
10322250 24519
10322250 26298
10393750 4302
10393750 7560
10393750 16331
10393750 22204
10393750 28401
10401500 4281
10401500 5305
10401500 12379
10401500 12977
10443000 530
10443000 3740
10443000 6158
10443000 17407
10443000 18180
10492250 6167
10492250 7186
10492250 7997
10492250 11196
10492250 11679
10513000 2568
10513000 2683
10513000 5445
10513000 5833
10513000 7150
10521000 5043
10521000 5094
10521000 6880
10521000 8089
10521000 15934
10533750 7613
10533750 12435
10533750 16110
10533750 16331
10533750 20979
10539250 2367
10539250 2963
10539250 3047
10539250 4003
10539250 7096
10566000 3627
10566000 5150
10566000 9899
10566000 20470
10566000 22489
10578000 8058
10578000 16169
10578000 22749
10578000 23284
10578000 27390
10588000 14265
10588000 16939
10588000 17590
10588000 18730
10588000 29077
10592000 2683
10592000 2836
10592000 6096
10592000 8278
10592000 29099
10592750 5094
10592750 6880
10592750 9472
10592750 12899
10592750 13103
10598500 949
10598500 3047
10598500 4479
10598500 4949
10598500 11196
10609250 619
10609250 10240
10609250 14261
10609250 16331
10609250 17232
10619000 143
10619000 3665
10619000 3954
10619000 8307
10619000 8725
10628500 8313
10628500 21899
10642000 251
10642000 993
10642000 7868
10642000 23829
10642000 24831
10653250 2826
10653250 6158
10653250 7409
10653250 12220
10653250 20180
10696000 4078
10696000 14261
10696000 14360
10696000 16331
10696000 16343
10713250 437
10713250 527
10713250 9220
10713250 19416
10713250 28975
10756500 3032
10756500 14261
10756500 21838
10756500 23662
10756500 27346
10768750 8637
10768750 9363
10768750 18743
10768750 20831
10768750 28463
10773000 7096
10773000 8816
10773000 9804
10773000 16463
10773000 21146
10774750 2568
10774750 2683
10774750 5445
10774750 5833
10774750 7150
10790500 2568
10790500 2683
10790500 5445
10790500 5833
10790500 7150
10818500 21657
10885750 2568
10885750 2683
10885750 5445
10885750 5833
10885750 7150
10944750 3406
10944750 4078
10944750 5529
10944750 5598
10944750 14596
10966250 519
10966250 2891
10966250 11939
10966250 24841
10966250 28438
10972250 8643
10972250 9030
10972250 9829
10972250 17855
10972250 21657
10976250 414
10976250 8313
10976250 8637
10976250 17401
10976250 26605
11111500 4172
11111500 5305
11111500 5660
11111500 6621
11111500 8625
11114000 3406
11114000 4078
11114000 5529
11114000 7150
11114000 19673
11121500 178
11121500 5429
11121500 16550
11121500 18489
11121500 20701
11129250 5043
11129250 5574
11129250 18946
11129250 24869
11131750 2683
11131750 11524
11131750 14020
11131750 19993
11131750 20506
11142000 1392
11142000 19466
11142000 21758
11142000 23628
11142000 26614
11158000 22489
11158000 27028
11169500 1107
11169500 4571
11169500 7409
11169500 15434
11169500 25329
11220500 1533
11220500 7356
11220500 7822
11220500 8313
11220500 16939
11225500 10680
11225500 16754
11225500 18075
11283500 805
11283500 2257
11283500 8628
11283500 16754
11283500 18075
11300000 43
11300000 2198
11300000 5403
11300000 10353
11300000 25009
11307500 251
11307500 6096
11307500 16463
11307500 21838
11307500 26800
11313000 9620
11313000 24334
11321750 569
11321750 1037
11321750 3228
11321750 8630
11321750 29465
11340250 2610
11340250 2683
11340250 4220
11340250 7409
11340250 15434
11352000 989
11352000 8495
11352000 12977
11352000 14261
11352000 21146
11362000 7409
11362000 19702
11362000 20979
11362000 21919
11362000 28694
11440500 11605
11440500 15860
11440500 23549
11440500 29385
11440500 29389
11493000 3854
11493000 5150
11493000 9899
11493000 11204
11493000 22489
11496750 2568
11496750 2683
11496750 5445
11496750 5833
11496750 7150
11503250 1548
11503250 3458
11503250 7680
11503250 8528
11503250 9111
11527500 143
11527500 5660
11527500 6621
11527500 11954
11527500 12379
11535250 805
11535250 8628
11535250 10680
11535250 16754
11535250 18075
11552750 4172
11552750 5305
11552750 5660
11552750 6621
11552750 12379
11558000 3032
11558000 14020
11558000 20279
11558000 26288
11558000 26341
11564250 647
11564250 1041
11564250 3228
11564250 19813
11564250 26806
11590500 7943
11590500 9657
11590500 16672
11590500 18075
11590500 29334
11601500 5043
11601500 19671
11601500 24869
11612500 7070
11612500 14821
11612500 16463
11612500 17512
11612500 27056
11616250 2568
11616250 2683
11616250 9030
11616250 17855
11616250 23779
11625250 530
11625250 9620
11625250 11864
11625250 17405
11625250 23628
11632250 2199
11632250 24886
11632250 25733
11632250 27928
11632250 27965
11683250 949
11683250 7827
11683250 9912
11683250 10308
11683250 15315
11687000 4949
11687000 9567
11687000 13039
11687000 14482
11687000 28438
11701500 2568
11701500 2683
11701500 5445
11701500 5833
11701500 7150
11711250 14011
11711250 15089
11711250 19466
11711250 23628
11711250 28378
11730000 2452
11730000 2963
11730000 8890
11730000 11578
11730000 15311
11734000 2513
11734000 9671
11734000 18712
11734000 18730
11734000 19539
11747250 1731
11747250 11080
11747250 21336
11747250 23826
11747250 26716
11761750 437
11761750 10329
11761750 17237
11761750 17470
11761750 28653
11782250 4411
11782250 4775
11782250 5469
11782250 5987
11782250 15887
11794250 6331
11794250 7456
11794250 11196
11794250 22280
11794250 23013
11847750 2568
11847750 2683
11847750 5445
11847750 5833
11847750 7150
11874000 2826
11874000 5799
11874000 18730
11874000 19671
11874000 21672
11894500 12754
11894500 21146
11894500 21865
11894500 21899
11894500 23241
11896000 5856
11896000 9620
11896000 18730
11896000 21838
11896000 26800
11936000 2568
11936000 2683
11936000 5445
11936000 5833
11936000 7150
11939000 1461
11939000 4039
11939000 10133
11939000 17060
11939000 17087
11947000 5043
11947000 15934
11947000 24869
11949750 8375
11949750 13307
11949750 18805
11949750 28621
11949750 29197
11957000 1461
11957000 7096
11957000 8816
11957000 17087
11957000 21146
11972750 16155
11972750 18281
11972750 19993
11972750 21225
11972750 29389
11984750 7868
11984750 11176
11984750 23829
11984750 24831
11984750 25570
12004000 8628
12004000 10680
12004000 16754
12004000 18075
12008000 989
12008000 3032
12008000 6431
12008000 7096
12008000 16110
12015000 2568
12015000 2683
12015000 5445
12015000 5833
12015000 7150
12016750 489
12016750 14821
12016750 15860
12016750 22280
12016750 23656
12027000 7105
12027000 7868
12027000 12754
12027000 18791
12027000 23241
12028500 422
12028500 5443
12028500 6193
12028500 8890
12028500 11578
12061000 805
12061000 2257
12061000 10680
12061000 16754
12061000 18075
12065000 2568
12065000 2683
12065000 5445
12065000 5833
12065000 7150
12142750 2568
12142750 2683
12142750 5445
12142750 5833
12142750 7150
12154500 12379
12154500 22489
12173500 3913
12173500 4059
12173500 11176
12173500 17237
12173500 24831
12204750 1505
12204750 2217
12204750 5667
12204750 7061
12204750 11329
12215000 4683
12215000 11679
12215000 26605
12215000 27028
12229000 2568
12229000 2683
12229000 5445
12229000 5833
12229000 7150
12234750 7150
12234750 8630
12234750 12541
12234750 15390
12234750 19673
12239250 9620
12239250 12052
12239250 12352
12239250 17550
12239250 19166
12275500 7812
12275500 14020
12275500 16550
12275500 18024
12275500 28669
12331000 4411
12331000 5625
12331000 6057
12331000 17407
12331000 28378
12337750 2471
12337750 3228
12337750 10066
12337750 16939
12337750 28653
12371000 2683
12371000 4479
12371000 5185
12371000 25329
12371000 28410
12377250 12220
12377250 16463
12377250 25830
12377250 27056
12377250 28438
12384250 528
12384250 4775
12384250 16939
12384250 17926
12384250 23861
12386500 476
12386500 2963
12386500 3047
12386500 14020
12386500 16396
12388250 5131
12388250 7059
12388250 19643
12388250 19814
12388250 28184
